Et = 6.245997e-02
Eb = 8.502596e-01
