Et = 2.500465e-01
Eb = 3.403852e+00
