Et = 2.499753e-01
Eb = 3.402882e+00
