Et = 9.186995e-01
Eb = 4.593497e+01
