Et = 5.821948e-01
Eb = 2.910974e+01
