Et = 1.110797e-01
Eb = 1.512113e+00
