Et = 9.999302e-01
Eb = 1.361192e+01
