Et = 2.698726e-01
Eb = 1.349363e+01
