Et = 8.395905e-01
Eb = 4.197952e+01
