Et = 6.253210e-02
Eb = 8.512414e-01
