Et = 1.126115e-01
Eb = 5.630573e+00
