Et = 4.215432e-01
Eb = 2.107716e+01
