Et = 1.111516e-01
Eb = 1.513093e+00
