Et = 7.098093e-01
Eb = 3.549047e+01
